433,4
433,3
433,2
433,1
432,4
432,3
432,2
432,1
431,4
431,3
431,2
431,1
430,4
430,3
430,2
430,1
4294967294,428
429,4
429,3
429,2
429,1
428,4
428,3
428,2
428,1
427,5
427,4
427,3
427,2
427,1
426,5
426,4
426,3
426,2
426,1
425,4
425,3
425,2
425,1
4294967278,225
4294967279,408
424,4
424,3
424,2
424,1
423,4
423,3
423,2
423,1
422,4
422,3
422,2
422,1
421,4
421,3
421,2
421,1
420,4
420,3
420,2
420,1
419,4
419,3
419,2
419,1
418,5
418,4
418,3
418,2
418,1
417,5
417,4
417,3
417,2
417,1
416,4
416,3
416,2
416,1
4294967278,340
4294967278,339
415,4
415,3
415,2
415,1
414,4
414,3
414,2
414,1
413,4
413,3
413,2
413,1
412,4
412,3
412,2
412,1
411,4
411,3
411,2
411,1
410,4
410,3
410,2
410,1
409,5
409,4
409,3
409,2
409,1
408,5
408,4
408,3
408,2
408,1
407,4
407,3
407,2
407,1
4294967279,407
4294967279,406
406,4
406,3
406,2
406,1
405,4
405,3
405,2
405,1
404,4
404,3
404,2
404,1
403,4
403,3
403,2
403,1
4294967278,338
402,4
402,3
402,2
402,1
401,4
401,3
401,2
401,1
400,5
400,4
400,3
400,2
400,1
399,5
399,4
399,3
399,2
399,1
398,4
398,3
398,2
398,1
397,4
397,3
397,2
397,1
396,4
396,3
396,2
396,1
395,4
395,3
395,2
395,1
394,4
394,3
394,2
394,1
393,4
393,3
393,2
393,1
392,4
392,3
392,2
392,1
391,5
391,4
391,3
391,2
391,1
390,5
390,4
390,3
390,2
390,1
389,4
389,3
389,2
389,1
4294967279,405
388,4
388,3
388,2
388,1
387,4
387,3
387,2
387,1
386,4
386,3
386,2
386,1
385,4
385,3
385,2
385,1
384,4
384,3
384,2
384,1
383,4
383,3
383,2
383,1
382,5
382,4
382,3
382,2
382,1
381,5
381,4
381,3
381,2
381,1
380,4
380,3
380,2
380,1
379,4
379,3
379,2
379,1
378,4
378,3
378,2
378,1
377,4
377,3
377,2
377,1
376,4
376,3
376,2
376,1
375,4
375,3
375,2
375,1
374,4
374,3
374,2
374,1
373,5
373,4
373,3
373,2
373,1
372,5
372,4
372,3
372,2
372,1
371,4
371,3
371,2
371,1
4294967279,404
370,4
370,3
370,2
370,1
369,4
369,3
369,2
369,1
4294967278,337
368,4
368,3
368,2
368,1
367,4
367,3
367,2
367,1
366,4
366,3
366,2
366,1
365,4
365,3
365,2
365,1
364,5
364,4
364,3
364,2
364,1
363,5
363,4
363,3
363,2
363,1
362,4
362,3
362,2
362,1
361,4
361,3
361,2
361,1
360,4
360,3
360,2
360,1
359,4
359,3
359,2
359,1
358,4
358,3
358,2
358,1
357,4
357,3
357,2
357,1
356,4
356,3
356,2
356,1
355,5
355,4
355,3
355,2
355,1
354,5
354,4
354,3
354,2
354,1
353,4
353,3
353,2
353,1
352,4
352,3
352,2
352,1
351,4
351,3
351,2
351,1
350,4
350,3
350,2
350,1
349,4
349,3
349,2
349,1
348,4
348,3
348,2
348,1
347,4
347,3
347,2
347,1
346,5
346,4
346,3
346,2
346,1
345,5
345,4
345,3
345,2
345,1
344,4
344,3
344,2
344,1
4294967279,403
343,4
343,3
343,2
343,1
342,4
342,3
342,2
342,1
341,4
341,3
341,2
341,1
340,4
340,3
340,2
340,1
339,4
339,3
339,2
339,1
338,4
338,3
338,2
338,1
337,5
337,4
337,3
337,2
337,1
336,5
336,4
336,3
336,2
336,1
335,4
335,3
335,2
335,1
4294967278,336
334,4
334,3
334,2
334,1
333,4
333,3
333,2
333,1
332,4
332,3
332,2
332,1
331,4
331,3
331,2
331,1
330,4
330,3
330,2
330,1
329,4
329,3
329,2
329,1
328,5
328,4
328,3
328,2
328,1
327,5
327,4
327,3
327,2
327,1
326,4
326,3
326,2
326,1
325,4
325,3
325,2
325,1
324,4
324,3
324,2
324,1
323,4
323,3
323,2
323,1
322,4
322,3
322,2
322,1
321,4
321,3
321,2
321,1
320,4
320,3
320,2
320,1
319,5
319,4
319,3
319,2
319,1
318,5
318,4
318,3
318,2
318,1
317,4
317,3
317,2
317,1
4294967279,342
316,4
316,3
316,2
316,1
315,4
315,3
315,2
315,1
314,4
314,3
314,2
314,1
313,4
313,3
313,2
313,1
312,4
312,3
312,2
312,1
311,4
311,3
311,2
311,1
310,5
310,4
310,3
310,2
310,1
309,5
309,4
309,3
309,2
309,1
308,4
308,3
308,2
308,1
4294967278,282
4294967279,402
307,4
307,3
307,2
307,1
306,4
306,3
306,2
306,1
305,4
305,3
305,2
305,1
304,4
304,3
304,2
304,1
303,4
303,3
303,2
303,1
302,4
302,3
302,2
302,1
301,5
301,4
301,3
301,2
301,1
300,5
300,4
300,3
300,2
300,1
299,4
299,3
299,2
299,1
298,4
298,3
